              precision    recall  f1-score   support

           0     1.0000    0.9556    0.9773        45
           1     0.8627    0.9565    0.9072        46
           2     0.9362    1.0000    0.9670        44
           3     1.0000    0.9783    0.9890        46
           4     0.9773    0.9556    0.9663        45
           5     1.0000    0.9348    0.9663        46
           6     1.0000    0.9778    0.9888        45
           7     0.9375    1.0000    0.9677        45
           8     0.9231    0.8372    0.8780        43
           9     0.9348    0.9556    0.9451        45

    accuracy                         0.9556       450
   macro avg     0.9572    0.9551    0.9553       450
weighted avg     0.9573    0.9556    0.9556       450
